Title: Heat Above
Album: The Battle of Garden's Gate
Artist: Greta Van Fleet
Key: Eb

[Intro]
  1, 4, 5, 1, 4, 5, 1, 5, 4, 6m, 5, 3m, 4, 1, 5, 4, 1, 5, 4

[Verse 1]
  1, 5, 4
  1, 5, 4
  1, 5, 4, 1, 5, 4
  6m, 5, 3m, 4
  6m, 5, 3m, 4, 4

[Verse 2]
  1, 5, 4, 1, 5, 4
  1, 5, 4, 1, 5, 4
  6m, 5, 3m, 4
  6m, 5, 3m, 4, 4

[Chorus]
  1, 4
  5, 1, 4
  5, 1, 4
  5, 1, 4
  5, 1, 5, 4, 6m, 5, 3m, 4

[Verse 3]
  1, 5, 4, 1, 5, 4
  1, 5, 4
  1, 5, 4
  6m, 5, 3m, 4
  6m, 5, 3m, 4, 4

[Break]
  6m, 5, 3m, 4, 6m, 1, 5, 3m, 4, 5, 6m, 5, 1, 5, 4
  3m, 4, 5, 6m, 5, 1, 5, 4, 5, 4

[Chorus]
  1, 4
  5, 1, 4
  5, 1, 4
  5, 1, 4, 5

[Break]
  1, 4, 5, 1, 4, 5, 1, 4, 5, 1, 4, 5, 1, 4, 5, 1, 4, 5

[Outro]
  1, 4, 5, 1, 4, 5, 6

