intro:
  1, 4, 1, 4, 1, 4, 1, 4

verse 1:
  1, 4
  1, 4
  1
  4
  1, 4

pre-chorus:
  1, 4
  1, 4
  

chorus:
  1
  4
  1, 4
  1
  4
  1, 4
  b6, b7

bridge:
  1, 4, 1, 4

verse 2:
  1, 4
  1, 4
  1
  4
  1, 4

pre-chorus:
  1, 4
  1, 4
  

chorus:
  1
  4
  1, 4
  1
  4
  1, 4
  b6, b7

solo:
  1, 4, 1
  4, 1
  4, 1, 4, 1, 4
  1, 4

verse 3:
  1, b7, 4
  1, b7
  4
  1, b7, 4
  1, b7, 4

interlude:
  1, b7, 4, 1, b7, 4, 1, b7, 4, 1, b7, 4, 1, b7, 4, 1, b7, 4, 1, b7, 4, 1, b7, 4, 1, b7, 4, 1, b7, 4, 1, b7, 4, 1, b7, 4, 1, b7, 4, 1, b7, 4, 1, b7

